100206
100307
100408
101006
101107
101309
101915
102008
102109
102311
102513
102614
102715
102816
103010
103111
103212
103414
103515
103818
104416
105014
105115
105216
105620
105923
106016
106521
106824
107018
107321
107422
107725
108020
108121
108323
108525
108828
109123
109325
109830
110007
110411
111211
111312
111413
111716
112314
112516
112920
113215
114217
114419
114621
114823
114924
115017
115219
115320
115825
116524
117021
117122
117324
117930
118124
118225
118528
118831
118932
119025
119126
120212
120414
120515
120717
121416
121618
122317
122620
122822
123117
123420
123521
123723
123824
123925
124220
125222
125424
125525
126426
127226
127327
127630
127832
127933
128026
128127
128632
128935
129028
129331
168947
169040
169343
169444
169545
170631
171330
171532
171633
172029
172332
172433
172534
172938
173334
173435
173536
173738
173839
173940
174841
175035
175136
175338
175540
175742
176239
176441
176542
176744
177241
177645
177746
178142
178849
178950
179245
179346
180129
180230
180533
180735
181232
182032
182739
182840
183034
185038
185341
185442
185846
186040
186141
186444
186545
187143
188145
188549
189349
189450
190031
191033
191235
192035
192136
192641
192843
193845
194645
194746
194847
195041
195445
195647
196346
196750
197550
198249
198451
198855
199150
199251
199352
199453
199655
199958
200513
200614
200917
201515
201818
202113
203418
204016
204218
204420
205220
206222
206323
206727
206828
207123
208125
208226
208327
208630
209329
210011
210112
211114
211417
211922
212015
212217
213017
213421
213522
214221
214423
214524
217126
219231
220721
221319
224022
227432
227533
231928
236130
238033
239944
245333
249947
250427
257845
257946
268749
274542
275645
280941
281135
283543
285345
285446
286347
286650
287248
289555
290136
293748
295146
298051
299760
300719
303119
304020
308331
311320
314225
316633
316835
318637
321323
325129
329844
336841
339847
341834
346137
348545
349244
350330
352132
356948
358144
361234
361941
365343
366042
366446
368753
376247
378756
381543
385046
680250
690152
692964
698168
700634
702133
704238
709551
723141
725751
727553
727654
729254
731140
734045
742549
748258
748662
749361
753251
756055
757764
760551
767464
783462
788674
792564
804646
812746
814548
816653
820745
825553
825654
826454
827052
828862
833249
835657
837560
852455
856968
859671
865363
869472
872562
873968
888678
894067
896879
